# Image/font info:
# width height size ascent descent
font 1024 806 120 151 -46

# Code point mapping:
# code index
code 32 3
code 33 1195
code 34 1252
code 35 1203
code 36 1280
code 37 1334
code 38 1357
code 39 1253
code 40 1217
code 41 1218
code 42 1201
code 43 1307
code 44 1191
code 45 1229
code 46 1190
code 47 1205
code 48 1069
code 49 1070
code 50 1071
code 51 1072
code 52 1073
code 53 1074
code 54 1075
code 55 1076
code 56 1077
code 57 1078
code 58 1192
code 59 1193
code 60 1314
code 61 1311
code 62 1313
code 63 1197
code 64 1356
code 65 4
code 66 32
code 67 33
code 68 40
code 69 50
code 70 73
code 71 74
code 72 81
code 73 86
code 74 103
code 75 106
code 76 108
code 77 118
code 78 120
code 79 131
code 80 167
code 81 169
code 82 170
code 83 178
code 84 191
code 85 198
code 86 226
code 87 227
code 88 232
code 89 233
code 90 243
code 91 1221
code 92 1206
code 93 1222
code 94 1321
code 95 1236
code 96 1414
code 97 254
code 98 282
code 99 283
code 100 290
code 101 298
code 102 322
code 103 323
code 104 330
code 105 335
code 106 353
code 107 357
code 108 360
code 109 369
code 110 371
code 111 382
code 112 418
code 113 420
code 114 421
code 115 429
code 116 442
code 117 450
code 118 478
code 119 479
code 120 484
code 121 485
code 122 495
code 123 1219
code 124 1367
code 125 1220
code 126 1319
code 8364 1282

# Metrics info:
# index width height offset_x offset_y advance
metrics 3 1 1 0 0 24
metrics 1195 14 85 13 0 40
metrics 1252 29 30 9 63 47
metrics 1203 68 84 6 0 80
metrics 1280 56 116 10 -16 75
metrics 1334 88 87 7 0 102
metrics 1357 68 86 10 0 83
metrics 1253 10 30 9 63 28
metrics 1217 29 119 6 -14 37
metrics 1218 29 120 2 -14 37
metrics 1201 39 38 9 54 57
metrics 1307 57 58 6 13 68
metrics 1191 16 30 6 -17 28
metrics 1229 35 8 10 31 55
metrics 1190 13 13 6 0 26
metrics 1205 38 106 0 -9 38
metrics 1069 62 86 8 0 77
metrics 1070 46 85 2 0 49
metrics 1071 56 85 5 0 66
metrics 1072 56 86 5 0 69
metrics 1073 67 86 2 0 70
metrics 1074 54 85 5 0 64
metrics 1075 59 86 7 0 71
metrics 1076 56 84 3 0 61
metrics 1077 58 86 7 0 72
metrics 1078 59 86 5 0 70
metrics 1192 13 56 6 0 26
metrics 1193 16 74 6 -17 28
metrics 1314 53 55 6 16 67
metrics 1311 54 31 6 27 66
metrics 1313 53 50 8 18 67
metrics 1197 41 86 5 0 51
metrics 1356 89 91 9 -12 105
metrics 4 84 84 1 0 85
metrics 32 65 84 6 0 78
metrics 33 65 86 7 0 78
metrics 40 74 84 6 0 86
metrics 50 61 84 6 0 75
metrics 73 59 84 6 0 68
metrics 74 78 86 7 0 88
metrics 81 84 84 6 0 96
metrics 86 31 84 6 0 42
metrics 103 39 102 -2 -17 40
metrics 106 78 84 6 0 85
metrics 108 58 84 6 0 66
metrics 118 96 84 6 0 107
metrics 120 85 84 6 0 95
metrics 131 76 86 7 0 89
metrics 167 62 84 6 0 72
metrics 169 90 106 7 -20 90
metrics 170 71 84 6 0 79
metrics 178 56 87 8 0 72
metrics 191 65 84 3 0 71
metrics 198 84 85 3 0 90
metrics 226 83 84 1 0 83
metrics 227 122 84 1 0 123
metrics 232 79 84 3 0 84
metrics 233 76 84 1 0 77
metrics 243 63 84 5 0 74
metrics 1221 27 115 13 -11 42
metrics 1206 39 106 0 -9 39
metrics 1222 27 115 2 -11 42
metrics 1321 53 41 7 64 66
metrics 1236 60 7 0 -14 59
metrics 1414 28 23 5 74 38
metrics 254 58 66 6 0 66
metrics 282 63 94 1 0 70
metrics 283 53 66 5 0 62
metrics 290 63 94 6 0 71
metrics 298 55 66 6 0 66
metrics 322 45 94 4 0 42
metrics 323 60 94 4 -28 67
metrics 330 70 93 3 0 75
metrics 335 29 91 5 0 36
metrics 353 28 119 -4 -28 33
metrics 357 65 93 3 0 69
metrics 360 29 93 3 0 35
metrics 369 108 65 5 0 115
metrics 371 70 65 5 0 76
metrics 382 58 66 6 0 69
metrics 418 63 92 3 -27 72
metrics 420 63 92 6 -27 70
metrics 421 47 65 5 0 53
metrics 429 46 66 7 0 58
metrics 442 41 81 2 0 44
metrics 450 70 65 2 0 75
metrics 478 65 64 0 0 63
metrics 479 98 65 0 0 96
metrics 484 64 64 1 0 67
metrics 485 65 93 0 -28 64
metrics 495 49 64 5 0 58
metrics 1219 34 115 4 -11 41
metrics 1367 8 109 16 -11 40
metrics 1220 34 115 4 -11 41
metrics 1319 59 17 7 34 73
metrics 1282 70 86 8 0 87

# Glyph info:
# index x y width height border
glyph 3 984 372 23 23 11
glyph 1195 987 132 36 107 11
glyph 1252 251 561 51 52 11
glyph 1203 220 454 90 106 11
glyph 1280 590 195 78 138 11
glyph 1334 400 107 110 109 11
glyph 1357 371 442 90 108 11
glyph 1253 557 326 32 52 11
glyph 1217 932 250 51 141 11
glyph 1218 935 107 51 142 11
glyph 1201 303 582 61 60 11
glyph 1307 579 688 79 80 11
glyph 1191 984 319 38 52 11
glyph 1229 669 303 57 30 11
glyph 1190 192 333 35 35 11
glyph 1205 175 107 60 128 11
glyph 1069 552 442 84 108 11
glyph 1070 590 334 68 107 11
glyph 1071 776 195 78 107 11
glyph 1072 637 472 78 108 11
glyph 1073 462 442 89 108 11
glyph 1074 855 195 76 107 11
glyph 1075 169 561 81 108 11
glyph 1076 616 581 78 106 11
glyph 1077 82 569 80 108 11
glyph 1078 0 569 81 108 11
glyph 1192 987 240 35 78 11
glyph 1193 192 236 38 96 11
glyph 1314 731 720 75 77 11
glyph 1311 303 747 76 53 11
glyph 1313 227 730 75 72 11
glyph 1197 952 651 63 108 11
glyph 1356 236 107 111 113 11
glyph 4 372 0 106 106 11
glyph 32 0 462 87 106 11
glyph 33 501 217 87 108 11
glyph 40 727 303 96 106 11
glyph 50 450 551 83 106 11
glyph 73 534 551 81 106 11
glyph 74 400 217 100 108 11
glyph 81 479 0 106 106 11
glyph 86 311 475 53 106 11
glyph 103 890 530 61 124 11
glyph 106 794 0 100 106 11
glyph 108 88 462 80 106 11
glyph 118 145 0 118 106 11
glyph 120 264 0 107 106 11
glyph 131 0 236 98 108 11
glyph 167 365 551 84 106 11
glyph 169 0 107 112 128 11
glyph 170 824 303 93 106 11
glyph 178 511 107 78 109 11
glyph 191 716 525 87 106 11
glyph 198 669 195 106 107 11
glyph 226 586 0 105 106 11
glyph 227 0 0 144 106 11
glyph 232 692 0 101 106 11
glyph 233 895 0 98 106 11
glyph 243 804 525 85 106 11
glyph 1221 918 392 49 137 11
glyph 1206 113 107 61 128 11
glyph 1222 968 396 49 137 11
glyph 1321 807 742 75 63 11
glyph 1236 462 747 82 29 11
glyph 1414 169 511 50 45 11
glyph 254 339 658 80 88 11
glyph 282 228 337 85 116 11
glyph 283 0 678 75 88 11
glyph 290 0 345 85 116 11
glyph 298 501 658 77 88 11
glyph 322 952 534 67 116 11
glyph 323 86 345 82 116 11
glyph 330 236 221 92 115 11
glyph 335 348 107 51 113 11
glyph 353 169 369 50 141 11
glyph 357 381 326 87 115 11
glyph 360 329 221 51 115 11
glyph 369 590 107 130 87 11
glyph 371 842 107 92 87 11
glyph 382 420 658 80 88 11
glyph 418 716 410 85 114 11
glyph 420 802 410 85 114 11
glyph 421 788 632 69 87 11
glyph 429 76 678 68 88 11
glyph 442 163 670 63 103 11
glyph 450 695 632 92 87 11
glyph 478 251 643 87 86 11
glyph 479 721 107 120 87 11
glyph 484 858 655 86 86 11
glyph 485 469 326 87 115 11
glyph 495 659 720 71 86 11
glyph 1219 659 334 56 137 11
glyph 1367 994 0 30 131 11
glyph 1220 314 337 56 137 11
glyph 1319 380 747 81 39 11
glyph 1282 99 236 92 108 11

# Kerning info:
# left right distance
